    0  1  2  3  4  5  6  7  8  9 10 11 12 13 14 15
0  -- 15 27 12  9  8 14 11 11 11  9  4 12 21 12 14                     
1  14 -- 14 16 17 15 20  7  1 15  8 14  4 14 16  2                     
2  24 15 --  6  4  2 16 15 15 11  9  6 16 20 14 15                                                                          
3  13 14 10 --  7 11 19 16 16 17 13  9 15 19 18 14                      
4   8 13  5 12 --  6 14 14 17 14 11  5 13 19 12 14
5   8 14  6  7  3 -- 15 15 16 12  9  5 16 19 14 15
6  10 16 10 15 13 11 -- 14 19 13 18 11 15 25 11 16
7  12  5 12 14 15 13 18 --  4 12  9 13  3 15 13  3
8  13  5 17 16 16 16 16  4 -- 13  9 13  5 14 14  3
9  12 13 14 17 13 13 11 11 13 -- 14 12 14 24  3 14
10  8  5 14 13 12 13 13  4  7 12 --  8  6 14 14  7
11  4 13  5 10  8  6 14 12 12 12 10 -- 13 20 11 14
12 12  6 12 15 14 13 19  5  6 12  5 13 -- 16 13  3
13 21 10 17 17 14 16 24 11 12 19 11 14 11 -- 20 11
14 10 13 10 15 10 11 11 13 12  2 11 13 12 23 -- 13
15 11  5 12 14 13 13 18  2  5 11  4 13  2 15 12 --

0  : bodega
1  : udla
2  : inacap
3  : linde
4  : suractivo
5  : econorent
6  : digosa
7  : optimisa
8  : Ainahue Club de Campo
9  : Constructora Bio Casa
10 : Salazar Israel Automotora
11 : Sergio escobar Automotora
12 : AFP Modelo
13 : Strip Villuco
14 : Deligourmet
15 : Caja Compensación la Araucana